575 1954
35491 37580
80929 81163
89537 89781
116231 117208
161490 161714
181249 181533
187400 188553
203992 204400
219431 219702
253381 255216
277307 278949
279077 280377
296326 299018
304182 305148
307503 307627
308629 309463
346259 346594
351905 352928
353869 354395
378629 380727
382590 382812
387562 388874
410013 411536
416453 417559
419787 420069
426361 426675
429163 429316
434911 435582
441672 442265
448984 449461
456387 456741
457374 459807
471462 471653
474771 474963
477659 478573
485006 485891
486782 487484
492830 493966
511925 512596
547579 548447
572222 573527
610157 612070
618698 619268
625982 627849
650647 650887
660660 661209
666483 667934
681818 682063
698586 699569
706285 706484
710412 711096
718840 719063
720164 720429
720975 723074
729732 731145
731962 732406
785856 786554
789585 789976
806917 807765
821619 821904
847905 848351
853815 855069
856790 857262
864627 865998
869148 869640
896209 896953
915770 916062
917366 919079
935189 937264
1041803 1042708
1091858 1094844
1123840 1124245
1144421 1144851
1147454 1147731
1152838 1154013
1193882 1194452
1208540 1217218
1219062 1219370
1221120 1221311
1222363 1222743
1223299 1223718
1227033 1228008
1231572 1231861
1237458 1238363
1255646 1255763
1256325 1256690
1261212 1261611
1266709 1266880
1272668 1272886
1281329 1281527
1301462 1301834
1347551 1349099
1355891 1356563
1416008 1416965
1441987 1442741
1451540 1452082
1469164 1469536
1470664 1471609
1472075 1472965
1483633 1484374
1490097 1490459
1497495 1498063
1505808 1506351
1533307 1533542
1534253 1534538
1542017 1542165
1544342 1544848
1555606 1556217
1561840 1563101
1579465 1579847
1585365 1586040
1618620 1619180
1637143 1637294
1641976 1643450
1658662 1659135
1659803 1660181
1672825 1674435
1679022 1679159
1702780 1703470
1727115 1727441
1735754 1739077
1753085 1753436
1785996 1786552
1790519 1792068
1807243 1807954
1811013 1811825
1817182 1817811
1818327 1818642
1832804 1833166
1835060 1835460
1836208 1837176
1848454 1849052
1853562 1854188
1885436 1886515
1916270 1916482
1931028 1931538
1973005 1973513
1989819 1989978
